geneID	geneLen	readLen_50	readLen_70	readLen_100
chr1.1007125.1009687.NM_001205252	2562	100.0	100.0	100.0
chr1.10509775.10512060.NM_001302	2285	100.0	100.0	100.0
chr1.1072396.1079434.NR_038869	7038	68.18	71.99	77.99
chr1.1102483.1102578.NR_029639	95	100.0	100.0	100.0
chr1.1103242.1103332.NR_029834	90	100.0	100.0	100.0
chr1.1104384.1104467.NR_029957	83	100.0	100.0	100.0
chr1.11104854.11107296.NM_139208	2442	94.69	99.92	100.0
chr1.11114648.11120091.NM_003132	5443	86.24	95.68	99.12
chr1.1115076.1121243.NM_153254	6167	95.39	95.70	96.18
chr1.11249397.11256038.NM_021146	6641	96.34	98.72	100.0
chr1.1138887.1142089.NM_004195	3202	100.0	100.0	100.0
chr1.1146705.1149548.NM_003327	2843	100.0	100.0	100.0
chr1.1167628.1170420.NM_080605	2792	100.0	100.0	100.0
chr1.11708417.11714888.NM_012168	6471	98.04	99.45	100.0
chr1.11714431.11723384.NM_183412	8953	83.52	93.37	99.03
chr1.11714913.11723384.NM_033182	8471	82.58	92.99	98.97
chr1.11734536.11741271.NM_006341	6735	85.06	93.16	99.59
chr1.1177825.1182102.NM_001014980	4277	98.11	100.0	100.0
chr1.11873.14408.NR_046018	2535	100.0	100.0	100.0
chr1.11900375.11907673.NR_037806	7298	89.06	93.80	98.19
chr1.11905766.11907840.NM_006172	2074	76.64	84.69	95.65
chr1.11917520.11918992.NM_002521	1472	100.0	100.0	100.0
chr1.11979644.11986485.NM_138346	6841	93.09	97.11	99.75
chr1.12251761.12251839.NR_039775	78	100.0	100.0	100.0
chr1.1243993.1247057.NM_153339	3064	97.55	99.07	100.0
chr1.12567299.12567451.NR_003025	152	100.0	100.0	100.0
chr1.1260142.1264276.NM_001029885	4134	100.0	100.0	100.0
chr1.1266725.1269844.NM_152228	3119	100.0	100.0	100.0
chr1.12834983.12838048.NM_001080830	3065	82.13	91.82	97.24
chr1.12851545.12856777.NM_023013	5232	15.36	24.33	37.19
chr1.1288070.1293915.NM_032348	5845	97.45	99.22	100.0
chr1.12884467.12891264.NM_001146344	6797	9.840	17.58	32.89
chr1.12907235.12908237.NM_001146181	1002	13.01	18.65	29.01
chr1.12907260.12908578.NM_001013631	1318	17.26	27.22	39.46
chr1.12916940.12921764.NM_023014	4824	22.74	35.04	53.38
chr1.12939032.12946025.NM_001009611	6993	4.724	8.174	15.69
chr1.12952726.12958094.NM_001039361	5368	0.000	0.000	0.000
chr1.12976449.12980568.NM_001012276	4119	0.000	0.000	0.000
chr1.12977512.12980233.NM_001012277	2721	0.000	0.000	0.000
chr1.12998301.13007406.NM_001010889	9105	0.3644	0.5865	0.9216
chr1.13035542.13038381.NM_001100631	2839	0.000	0.000	0.000
chr1.1309109.1310580.NM_001127229	1471	100.0	100.0	100.0
chr1.1309109.1310818.NM_017900	1709	100.0	100.0	100.0
chr1.1309110.1310562.NM_001127230	1452	100.0	100.0	100.0
chr1.13108513.13117751.NM_001013407	9238	0.1088	0.3272	0.6565
chr1.13182959.13184326.NM_001136561	1367	16.16	27.35	41.80
chr1.1327667.1334718.NM_001039577	7051	80.03	93.31	99.07
chr1.13328195.13331692.NM_001013692	3497	0.000	0.000	0.1177
chr1.13328832.13331671.NM_001100631	2839	0.000	0.000	0.000
chr1.1334909.1337426.NR_015434	2517	100.0	100.0	100.0
chr1.13359818.13369057.NM_001013407	9239	0.000	0.000	0.000
chr1.13359832.13368936.NM_001010889	9104	0.000	0.000	0.000
chr1.1337275.1342693.NM_017971	5418	80.29	91.91	98.93
chr1.13386646.13390765.NM_001012276	4119	0.000	0.000	0.000
chr1.13421175.13428190.NM_001098376	7015	0.000	0.000	0.000
chr1.13421175.13428191.NM_001010890	7016	0.000	0.000	0.000
chr1.13447413.13452656.NM_001024661	5243	0.000	0.000	0.000
chr1.13474052.13477569.NM_001099850	3517	0.000	0.000	0.000
chr1.134772.140566.NR_039983	5794	0.5744	1.869	6.462
chr1.13495253.13498259.NM_001045480	3006	1.048	1.055	1.066
chr1.13521962.13526943.NM_001100114	4981	0.5272	1.364	2.683
chr1.1353799.1356824.NM_001145210	3025	91.06	96.24	100.0
chr1.13607430.13611550.NM_001012276	4120	0.000	0.000	0.000
chr1.13607766.13610487.NM_001012277	2721	0.000	0.000	0.000
chr1.1361507.1363167.NM_001146685	1660	98.88	100.0	100.0
chr1.13641972.13648987.NM_001098376	7015	0.000	0.000	0.000
chr1.13641972.13648988.NM_001010890	7016	0.000	0.000	0.000
chr1.13668268.13673511.NM_001099854	5243	0.000	0.000	0.000
chr1.13694888.13698405.NM_001099850	3517	0.000	0.000	0.000
chr1.1370902.1378262.NM_022834	7360	100.0	100.0	100.0
chr1.13716087.13719064.NM_001099851	2977	0.06831	0.06878	0.06949
chr1.13742801.13747803.NM_001100114	5002	0.5249	1.176	3.080
chr1.1470157.1475740.NM_001114748	5583	99.60	100.0	100.0
chr1.1533387.1535476.NM_001242659	2089	100.0	100.0	100.0
chr1.1567559.1570030.NM_006983	2471	12.88	13.82	15.26
chr1.1568158.1570027.NR_002946	1869	2.033	3.167	4.915
chr1.15764937.15773153.NM_007272	8216	91.11	97.83	100.0
chr1.15986363.15988217.NM_006511	1854	100.0	100.0	100.0
chr1.16062808.16067884.NM_207348	5076	89.16	97.60	99.70
chr1.16068916.16074477.NM_001013641	5561	85.54	96.19	100.0
chr1.16133656.16134194.NM_001089591	538	35.99	52.67	75.85
chr1.1631377.1633247.NR_002946	1870	2.087	3.220	4.969
chr1.16330730.16333184.NM_178840	2454	87.40	95.51	99.79
chr1.16340522.16345285.NM_014424	4763	100.0	100.0	100.0
chr1.16375283.16383803.NM_001165945	8520	66.33	74.81	82.16
chr1.16558181.16563659.NM_030907	5478	88.97	94.62	99.42
chr1.1682670.1690081.NM_001198995	7411	84.52	86.28	88.16
chr1.16875408.16875482.NR_037446	74	0.000	0.000	0.000
chr1.16972068.16976915.NR_027504	4847	8.691	15.40	23.86
chr1.17007749.17007823.NR_037446	74	0.000	0.000	0.000
chr1.17081400.17090975.NR_002729	9575	7.170	13.15	21.68
chr1.17185443.17185516.NR_037446	73	50.00	100.0	100.0
chr1.17300998.17307173.NM_001135248	6175	90.99	91.42	91.87
chr1.17300998.17308081.NM_001135247	7083	92.15	92.53	92.93
chr1.1846265.1848733.NM_138705	2468	100.0	100.0	100.0
chr1.1849028.1850740.NM_178545	1712	100.0	100.0	100.0
chr1.18807423.18812480.NM_152375	5057	98.40	99.64	100.0
chr1.19209687.19209774.NR_039844	87	100.0	100.0	100.0
chr1.19578074.19586622.NM_016183	8548	93.25	98.69	100.0
chr1.19592475.19600568.NR_040288	8093	56.35	69.54	80.10
chr1.19609056.19615280.NM_012067	6224	50.41	64.18	75.15
chr1.19619740.19622230.NR_037847	2490	94.51	99.05	100.0
chr1.19629201.19638640.NM_003689	9439	85.46	92.26	97.54
chr1.20140521.20141771.NM_019062	1250	100.0	100.0	100.0
chr1.20246799.20250110.NM_014589	3311	100.0	100.0	100.0
chr1.20301923.20306152.NM_001161729	4229	100.0	100.0	100.0
chr1.20301923.20306932.NM_001161728	5009	100.0	100.0	100.0
chr1.20438433.20446008.NM_012400	7575	95.92	99.07	100.0
chr1.20512577.20519942.NM_152376	7365	99.64	100.0	100.0
chr1.20808883.20812728.NM_018584	3845	99.95	100.0	100.0
chr1.20825940.20834674.NM_024544	8734	91.43	97.61	100.0
chr1.20878931.20881513.NM_207334	2582	100.0	100.0	100.0
chr1.20978259.20988037.NM_005216	9778	94.30	97.74	100.0
chr1.2120987.2126214.NM_182533	5227	95.06	98.18	99.88
chr1.21619782.21626362.NR_038404	6580	96.43	98.76	100.0
chr1.22351706.22357715.NR_023918	6009	85.12	93.96	99.76
chr1.22352041.22357715.NR_023919	5674	84.23	93.60	99.75
chr1.2281852.2284100.NR_024489	2248	100.0	100.0	100.0
chr1.22963117.22966175.NM_015991	3058	100.0	100.0	100.0
chr1.22970117.22974603.NM_172369	4486	100.0	100.0	100.0
chr1.22979681.22988029.NM_000491	8348	98.26	99.78	100.0
chr1.23046009.23046091.NR_039832	82	100.0	100.0	100.0
chr1.23189651.23189719.NR_036214	68	100.0	100.0	100.0
chr1.23337326.23342343.NM_001242521	5017	80.48	93.67	99.63
chr1.2336240.2344010.NM_153818	7770	96.71	99.13	100.0
chr1.23370797.23370865.NR_036057	68	100.0	100.0	100.0
chr1.23518387.23521222.NM_000864	2835	94.90	98.99	100.0
chr1.23685940.23694879.NM_030634	8939	90.55	96.56	99.71
chr1.23695463.23698330.NR_033690	2867	100.0	100.0	100.0
chr1.23695710.23698330.NR_033691	2620	100.0	100.0	100.0
chr1.23884420.23886285.NM_002167	1865	100.0	100.0	100.0
chr1.24018268.24022915.NM_000975	4647	98.89	100.0	100.0
chr1.24104875.24114722.NM_020362	9847	82.26	92.53	98.56
chr1.24117645.24122029.NM_007260	4384	100.0	100.0	100.0
chr1.24122088.24126060.NM_001127621	3972	95.59	99.03	100.0
chr1.24122088.24127034.NM_000403	4946	96.47	99.22	100.0
chr1.24122088.24127294.NM_001008216	5206	96.65	99.26	100.0
chr1.24255559.24255637.NR_039615	78	100.0	100.0	100.0
chr1.24286300.24289949.NM_017761	3649	41.75	46.12	52.25
chr1.2460183.2461684.NM_001010926	1501	100.0	100.0	100.0
chr1.2481358.2484284.NR_026927	2926	24.85	32.59	40.71
chr1.24822822.24828850.NR_045409	6028	88.94	94.63	98.36
chr1.2487207.2488450.NR_037844	1243	100.0	100.0	100.0
chr1.2487804.2495267.NM_003820	7463	99.54	100.0	100.0
chr1.2517898.2522908.NR_036638	5010	100.0	100.0	100.0
chr1.2518188.2522908.NM_001195738	4720	100.0	100.0	100.0
chr1.25568739.25573985.NM_020317	5246	96.09	99.52	100.0
chr1.26146444.26150097.NR_024498	3653	92.54	93.78	98.03
chr1.26187974.26197744.NM_178422	9770	83.98	92.25	98.61
chr1.26226606.26232644.NM_203401	6038	97.04	99.01	99.93
chr1.26226606.26232993.NM_005563	6387	97.21	99.07	99.94
chr1.26226606.26233368.NM_203399	6762	97.36	99.12	99.94
chr1.26232852.26232945.NR_037481	93	100.0	100.0	100.0
chr1.26364513.26372604.NM_032513	8091	96.17	98.37	100.0
chr1.26485510.26489119.NM_024869	3609	94.63	99.10	100.0
chr1.26496387.26497364.NM_015871	977	100.0	100.0	100.0
chr1.26606212.26608013.NM_031286	1801	100.0	100.0	100.0
chr1.26644410.26647014.NM_001803	2604	80.70	89.63	100.0
chr1.26798901.26803133.NM_005517	4232	82.29	86.48	91.07
chr1.26881032.26881084.NR_031740	52	100.0	100.0	100.0
chr1.27189632.27190947.NM_006142	1315	100.0	100.0	100.0
chr1.27216978.27226962.NM_022078	9984	84.19	93.24	99.38
chr1.27237974.27240567.NM_021969	2593	95.28	98.53	100.0
chr1.27320194.27327377.NM_001013642	7183	94.22	98.96	99.93
chr1.27331510.27339333.NM_052943	7823	96.18	98.67	100.0
chr1.27650364.27653016.NR_033926	2652	82.29	90.67	99.06
chr1.27695600.27701315.NM_173452	5715	83.55	92.97	99.77
chr1.27705595.27709805.NM_207397	4210	100.0	100.0	100.0
chr1.27719151.27722317.NM_005281	3166	100.0	100.0	100.0
chr1.27992571.27998724.NM_002038	6153	89.12	95.97	99.85
chr1.28160911.28161077.NR_002997	166	100.0	100.0	100.0
chr1.28286503.28294604.NM_018053	8101	96.51	99.48	100.0
chr1.28421445.28423069.NR_027268	1624	100.0	100.0	100.0
chr1.28562601.28564616.NM_178190	2015	100.0	100.0	100.0
chr1.28655512.28662478.NM_017638	6966	79.15	90.79	99.08
chr1.28832454.28837404.NR_036473	4950	90.49	98.18	100.0
chr1.28905049.28908366.NR_024127	3317	93.30	99.75	100.0
chr1.28905254.28905334.NR_003077	80	100.0	100.0	100.0
chr1.28906275.28906405.NR_002987	130	100.0	100.0	100.0
chr1.28906892.28907024.NR_002976	132	93.98	100.0	100.0
chr1.28907431.28907565.NR_003035	134	100.0	100.0	100.0
chr1.28918711.28921088.NM_152304	2377	83.46	90.73	97.32
chr1.28919006.28921088.NM_001193532	2082	81.06	89.37	96.92
chr1.28975111.28975246.NR_004407	135	100.0	100.0	100.0
chr1.2938045.2939467.NM_080431	1422	100.0	100.0	100.0
chr1.29445936.29449013.NM_001171868	3077	100.0	100.0	100.0
chr1.29445936.29450421.NM_001003682	4485	100.0	100.0	100.0
chr1.2976180.2984289.NR_015440	8109	100.0	100.0	100.0
chr1.2980635.2984289.NR_024371	3654	100.0	100.0	100.0
chr1.3044538.3044599.NR_036215	61	100.0	100.0	100.0
chr1.31191618.31199593.NR_034182	7975	100.0	100.0	100.0
chr1.31212002.31212079.NR_039616	77	100.0	100.0	100.0
chr1.31408535.31408623.NR_033295	88	0.000	0.000	0.000
chr1.31421964.31422052.NR_004054	88	0.000	0.000	0.000
chr1.31441009.31441084.NR_003066	75	100.0	100.0	100.0
chr1.31460911.31461481.NR_002762	570	100.0	100.0	100.0
chr1.31838099.31845923.NM_004102	7824	97.72	99.77	100.0
chr1.31971838.31974167.NR_034112	2329	100.0	100.0	100.0
chr1.31984035.31989846.NR_027085	5811	82.00	94.95	99.81
chr1.32043745.32053287.NM_001204415	9542	89.78	93.57	96.25
